x	cosh(x)		cosh'(x)		cosh'(x)		cosh''(x)	cosh''(x)

			           af	      df	        af	      df

0.000000 1.000000 0.000000 0.010000 1.000000 1.000033
0.020000 1.000200 0.020001 0.030005 1.000200 1.000233
0.040000 1.000800 0.040011 0.050022 1.000800 1.000833
0.060000 1.001801 0.060036 0.070058 1.001801 1.001834
0.080000 1.003202 0.080085 0.090123 1.003202 1.003235
0.100000 1.005004 0.100167 0.110224 1.005004 1.005038
0.120000 1.007209 0.120288 0.130369 1.007209 1.007242
0.140000 1.009816 0.140458 0.150566 1.009816 1.009850
0.160000 1.012827 0.160684 0.170823 1.012827 1.012861
0.180000 1.016244 0.180974 0.191148 1.016244 1.016278
0.200000 1.020067 0.201336 0.211550 1.020067 1.020101
0.220000 1.024298 0.221779 0.232037 1.024298 1.024332
0.240000 1.028939 0.242311 0.252617 1.028939 1.028973
0.260000 1.033991 0.262939 0.273297 1.033991 1.034025
0.280000 1.039457 0.283673 0.294087 1.039457 1.039491
0.300000 1.045339 0.304520 0.314994 1.045339 1.045373
0.320000 1.051638 0.325489 0.336028 1.051638 1.051673
0.340000 1.058359 0.346589 0.357196 1.058359 1.058394
0.360000 1.065503 0.367827 0.378506 1.065503 1.065538
0.380000 1.073073 0.389212 0.399969 1.073073 1.073109
0.400000 1.081072 0.410752 0.421591 1.081072 1.081108
0.420000 1.089504 0.432457 0.443382 1.089504 1.089541
0.440000 1.098372 0.454335 0.465350 1.098372 1.098408
0.460000 1.107679 0.476395 0.487504 1.107679 1.107716
0.480000 1.117429 0.498646 0.509853 1.117429 1.117466
0.500000 1.127626 0.521095 0.532407 1.127626 1.127664
0.520000 1.138274 0.543754 0.555173 1.138274 1.138312
0.540000 1.149378 0.566629 0.578161 1.149378 1.149416
0.560000 1.160941 0.589732 0.601381 1.160941 1.160979
0.580000 1.172968 0.613070 0.624841 1.172968 1.173007
0.600000 1.185465 0.636654 0.648551 1.185465 1.185505
0.620000 1.198436 0.660492 0.672521 1.198436 1.198476
0.640000 1.211887 0.684594 0.696759 1.211887 1.211927
0.660000 1.225822 0.708970 0.721276 1.225822 1.225863
0.680000 1.240247 0.733630 0.746082 1.240247 1.240289
0.700000 1.255169 0.758584 0.771186 1.255169 1.255211
0.720000 1.270593 0.783840 0.796599 1.270593 1.270635
0.740000 1.286525 0.809411 0.822330 1.286525 1.286568
0.760000 1.302971 0.835305 0.848391 1.302971 1.303015
0.780000 1.319939 0.861533 0.874790 1.319939 1.319983
0.800000 1.337435 0.888106 0.901540 1.337435 1.337480
0.820000 1.355466 0.915034 0.928650 1.355466 1.355511
0.840000 1.374039 0.942328 0.956132 1.374039 1.374085
0.860000 1.393161 0.969999 0.983996 1.393161 1.393208
0.880000 1.412841 0.998058 1.012254 1.412841 1.412888
0.900000 1.433086 1.026517 1.040917 1.433086 1.433134
0.920000 1.453905 1.055386 1.069996 1.453905 1.453953
0.940000 1.475305 1.084677 1.099503 1.475305 1.475354
0.960000 1.497295 1.114402 1.129450 1.497295 1.497345
0.980000 1.519884 1.144573 1.159848 1.519884 1.519934
1.000000 1.543081 1.175201 1.190711 1.543081 1.543132
1.020000 1.566895 1.206300 1.222050 1.566895 1.566947
1.040000 1.591336 1.237881 1.253878 1.591336 1.591389
1.060000 1.616413 1.269958 1.286207 1.616413 1.616467
1.080000 1.642138 1.302542 1.319051 1.642138 1.642192
1.100000 1.668519 1.335647 1.352422 1.668519 1.668574
1.120000 1.695567 1.369287 1.386335 1.695567 1.695624
1.140000 1.723294 1.403475 1.420802 1.723294 1.723351
1.160000 1.751710 1.438224 1.455837 1.751710 1.751768
1.180000 1.780826 1.473548 1.491455 1.780826 1.780886
1.200000 1.810656 1.509461 1.527669 1.810656 1.810716
1.220000 1.841209 1.545979 1.564495 1.841209 1.841270
1.240000 1.872499 1.583115 1.601946 1.872499 1.872561
1.260000 1.904538 1.620884 1.640038 1.904538 1.904601
1.280000 1.937339 1.659301 1.678786 1.937339 1.937403
1.300000 1.970914 1.698382 1.718205 1.970914 1.970980
1.320000 2.005278 1.738143 1.758312 2.005278 2.005345
1.340000 2.040445 1.778599 1.799123 2.040445 2.040513
1.360000 2.076427 1.819766 1.840653 2.076427 2.076496
1.380000 2.113240 1.861662 1.882919 2.113240 2.113311
1.400000 2.150898 1.904302 1.925938 2.150898 2.150970
1.420000 2.189417 1.947703 1.969728 2.189417 2.189490
1.440000 2.228812 1.991884 2.014306 2.228812 2.228886
1.460000 2.269098 2.036862 2.059689 2.269098 2.269174
1.480000 2.310292 2.082654 2.105897 2.310292 2.310369
1.500000 2.352410 2.129279 2.152946 2.352410 2.352488
1.520000 2.395469 2.176757 2.200857 2.395469 2.395548
1.540000 2.439486 2.225105 2.249649 2.439486 2.439567
1.560000 2.484479 2.274343 2.299340 2.484479 2.484561
1.580000 2.530465 2.324490 2.349951 2.530465 2.530550
1.600000 2.577464 2.375568 2.401502 2.577464 2.577550
1.620000 2.625495 2.427596 2.454013 2.625495 2.625582
1.640000 2.674575 2.480595 2.507507 2.674575 2.674664
1.660000 2.724725 2.534586 2.562003 2.724725 2.724816
1.680000 2.775965 2.589591 2.617524 2.775965 2.776058
1.700000 2.828315 2.645632 2.674092 2.828315 2.828410
1.720000 2.881797 2.702731 2.731730 2.881797 2.881893
1.740000 2.936432 2.760912 2.790461 2.936432 2.936530
1.760000 2.992241 2.820196 2.850308 2.992241 2.992341
1.780000 3.049247 2.880609 2.911295 3.049247 3.049349
1.800000 3.107473 2.942174 2.973446 3.107473 3.107577
1.820000 3.166942 3.004916 3.036787 3.166942 3.167048
1.840000 3.227678 3.068860 3.101343 3.227678 3.227785
1.860000 3.289705 3.134032 3.167139 3.289705 3.289814
1.880000 3.353047 3.200457 3.234202 3.353047 3.353159
1.900000 3.417732 3.268163 3.302559 3.417732 3.417845
1.920000 3.483783 3.337176 3.372237 3.483783 3.483899
1.940000 3.551227 3.407524 3.443264 3.551227 3.551346
1.960000 3.620093 3.479234 3.515668 3.620093 3.620213
1.980000 3.690406 3.552337 3.589479 3.690406 3.690529
2.000000 3.762196 3.626860 3.664725 3.762196 3.762321
2.020000 3.835490 3.702835 3.741438 3.835490 3.835618
2.040000 3.910319 3.780290 3.819647 3.910319 3.910449
2.060000 3.986712 3.859258 3.899384 3.986712 3.986845
2.080000 4.064700 3.939769 3.980680 4.064700 4.064835
2.100000 4.144313 4.021857 4.063569 4.144313 4.144451
2.120000 4.225585 4.105553 4.148084 4.225585 4.225725
2.140000 4.308546 4.190891 4.234258 4.308546 4.308690
2.160000 4.393231 4.277906 4.322125 4.393231 4.393378
2.180000 4.479674 4.366632 4.411722 4.479674 4.479823
2.200000 4.567908 4.457105 4.503083 4.567908 4.568061
2.220000 4.657970 4.549361 4.596245 4.657970 4.658125
2.240000 4.749895 4.643436 4.691246 4.749895 4.750053
2.260000 4.843720 4.739369 4.788124 4.843720 4.843881
2.280000 4.939482 4.837198 4.886917 4.939482 4.939647
2.300000 5.037221 4.936962 4.987665 5.037221 5.037389
2.320000 5.136974 5.038700 5.090408 5.136974 5.137145
2.340000 5.238782 5.142454 5.195187 5.238782 5.238957
2.360000 5.342686 5.248266 5.302044 5.342686 5.342864
2.380000 5.448727 5.356176 5.411022 5.448727 5.448908
2.400000 5.556947 5.466229 5.522165 5.556947 5.557132
2.420000 5.667390 5.578469 5.635517 5.667390 5.667579
2.440000 5.780101 5.692940 5.751122 5.780101 5.780293
2.460000 5.895123 5.809688 5.869029 5.895123 5.895320
2.480000 6.012504 5.928761 5.989283 6.012504 6.012704
2.500000 6.132289 6.050204 6.111933 6.132289 6.132494
2.520000 6.254528 6.174069 6.237028 6.254528 6.254737
2.540000 6.379269 6.300402 6.364617 6.379269 6.379481
2.560000 6.506561 6.429256 6.494753 6.506561 6.506778
2.580000 6.636456 6.560682 6.627486 6.636456 6.636677
2.600000 6.769006 6.694732 6.762871 6.769006 6.769231
2.620000 6.904263 6.831460 6.900961 6.904263 6.904493
2.640000 7.042282 6.970921 7.041811 7.042282 7.042517
2.660000 7.183119 7.113170 7.185478 7.183119 7.183358
2.680000 7.326828 7.258265 7.332020 7.326828 7.327072
2.700000 7.473469 7.406263 7.481494 7.473469 7.473718
2.720000 7.623098 7.557224 7.633961 7.623098 7.623353
2.740000 7.775778 7.711207 7.789482 7.775778 7.776037
2.760000 7.931567 7.868276 7.948118 7.931567 7.931832
2.780000 8.090530 8.028491 8.109934 8.090530 8.090799
2.800000 8.252728 8.191918 8.274995 8.252728 8.253004
2.820000 8.418228 8.358622 8.443365 8.418228 8.418509
2.840000 8.587096 8.528670 8.615112 8.587096 8.587382
2.860000 8.759398 8.702129 8.790306 8.759398 8.759690
2.880000 8.935204 8.879069 8.969016 8.935204 8.935502
2.900000 9.114584 9.059561 9.151314 9.114584 9.114888
2.920000 9.297611 9.243677 9.337272 9.297611 9.297920
2.940000 9.484356 9.431490 9.526966 9.484356 9.484672
2.960000 9.674895 9.623076 9.720470 9.674895 9.675218
2.980000 9.869305 9.818512 9.917863 9.869305 9.869634
3.000000 10.067662 10.017875 10.119223 10.067662 10.067998
3.020000 10.270046 10.221245 10.324631 10.270046 10.270389
3.040000 10.476539 10.428704 10.534168 10.476539 10.476888
3.060000 10.687222 10.640335 10.747920 10.687222 10.687579
3.080000 10.902181 10.856222 10.965971 10.902181 10.902544
3.100000 11.121500 11.076451 11.188408 11.121500 11.121871
3.120000 11.345268 11.301111 11.415321 11.345268 11.345647
3.140000 11.573575 11.530292 11.646800 11.573575 11.573961
3.160000 11.806511 11.764085 11.882938 11.806511 11.806904
3.180000 12.044170 12.002584 12.123830 12.044170 12.044571
3.200000 12.286646 12.245884 12.369571 12.286646 12.287056
3.220000 12.534038 12.494083 12.620260 12.534038 12.534455
3.240000 12.786443 12.747279 12.875997 12.786443 12.786869
3.260000 13.043963 13.005574 13.136885 13.043963 13.044398
3.280000 13.306700 13.269072 13.403028 13.306700 13.307144
3.300000 13.574761 13.537878 13.674533 13.574761 13.575214
3.320000 13.848252 13.812099 13.951507 13.848252 13.848713
3.340000 14.127282 14.091845 14.234062 14.127282 14.127753
3.360000 14.411963 14.377228 14.522311 14.411963 14.412443
3.380000 14.702409 14.668362 14.816369 14.702409 14.702899
3.400000 14.998737 14.965363 15.116353 14.998737 14.999237
3.420000 15.301064 15.268351 15.422385 15.301064 15.301574
3.440000 15.609511 15.577447 15.734586 15.609511 15.610032
3.460000 15.924203 15.892773 16.053080 15.924203 15.924734
3.480000 16.245265 16.214457 16.377996 16.245265 16.245806
3.500000 16.572825 16.542627 16.709464 16.572825 16.573377
3.520000 16.907014 16.877415 17.047615 16.907014 16.907578
3.540000 17.247966 17.218953 17.392586 17.247966 17.248541
3.560000 17.595818 17.567379 17.744514 17.595818 17.596405
3.580000 17.950708 17.922833 18.103541 17.950708 17.951307
3.600000 18.312779 18.285455 18.469808 18.312779 18.313390
3.620000 18.682175 18.655393 18.843464 18.682175 18.682798
3.640000 19.059045 19.032792 19.224658 19.059045 19.059680
3.660000 19.443538 19.417805 19.613542 19.443538 19.444186
3.680000 19.835809 19.810586 20.010271 19.835809 19.836470
3.700000 20.236014 20.211290 20.415005 20.236014 20.236688
3.720000 20.644314 20.620080 20.827905 20.644314 20.645002
3.740000 21.060872 21.037118 21.249136 21.060872 21.061574
3.760000 21.485855 21.462571 21.678868 21.485855 21.486571
3.780000 21.919432 21.896610 22.117271 21.919432 21.920163
3.800000 22.361778 22.339407 22.564521 22.361778 22.362523
3.820000 22.813068 22.791140 23.020798 22.813068 22.813829
3.840000 23.273484 23.251990 23.486283 23.273484 23.274260
3.860000 23.743210 23.722142 23.961163 23.743210 23.744001
3.880000 24.222433 24.201782 24.445628 24.222433 24.223240
3.900000 24.711346 24.691104 24.939871 24.711346 24.712169
3.920000 25.210143 25.190302 25.444091 25.210143 25.210983
3.940000 25.719025 25.699577 25.958489 25.719025 25.719882
3.960000 26.238195 26.219131 26.483270 26.238195 26.239069
3.980000 26.767860 26.749174 27.018645 26.767860 26.768752
4.000000 27.308233 27.289917 27.564828 27.308233 27.309143
4.020000 27.859529 27.841576 28.122037 27.859529 27.860458
4.040000 28.421970 28.404373 28.690496 28.421970 28.422918
4.060000 28.995780 28.978531 29.270430 28.995780 28.996747
4.080000 29.581189 29.564281 29.862074 29.581189 29.582175
4.100000 30.178430 30.161857 30.465663 30.178430 30.179436
4.120000 30.787743 30.771499 31.081438 30.787743 30.788770
4.140000 31.409372 31.393449 31.709646 31.409372 31.410419
4.160000 32.043565 32.027958 32.350539 32.043565 32.044633
4.180000 32.690576 32.675277 33.004372 32.690576 32.691666
4.200000 33.350663 33.335668 33.671408 33.350663 33.351775
4.220000 34.024091 34.009393 34.351912 34.024091 34.025226
4.240000 34.711130 34.696722 35.046158 34.711130 34.712287
4.260000 35.412053 35.397931 35.754423 35.412053 35.413233
4.280000 36.127141 36.113299 36.476990 36.127141 36.128346
4.300000 36.856681 36.843113 37.214148 36.856681 36.857910
4.320000 37.600964 37.587664 37.966192 37.600964 37.602217
4.340000 38.360288 38.347251 38.733424 38.360288 38.361567
4.360000 39.134956 39.122178 39.516149 39.134956 39.136261
4.380000 39.925279 39.912754 40.314681 39.925279 39.926610
4.400000 40.731573 40.719296 41.129340 40.731573 40.732931
4.420000 41.554160 41.542126 41.960451 41.554160 41.555545
4.440000 42.393369 42.381573 42.808346 42.393369 42.394782
4.460000 43.249536 43.237973 43.673366 43.249536 43.250977
4.480000 44.123003 44.111670 44.555855 44.123003 44.124474
4.500000 45.014120 45.003011 45.456168 45.014120 45.015621
4.520000 45.923244 45.912354 46.374663 45.923244 45.924774
4.540000 46.850737 46.840063 47.311709 46.850737 46.852298
4.560000 47.796971 47.786509 48.267680 47.796971 47.798564
4.580000 48.762325 48.752070 49.242959 48.762325 48.763950
4.600000 49.747184 49.737132 50.237936 49.747184 49.748842
4.620000 50.751942 50.742090 51.253009 50.751942 50.753634
4.640000 51.777003 51.767345 52.288583 51.777003 51.778729
4.660000 52.822774 52.813308 53.345074 52.822774 52.824535
4.680000 53.889676 53.880397 54.422904 53.889676 53.891472
4.700000 54.978134 54.969039 55.522503 54.978134 54.979966
4.720000 56.088584 56.079669 56.644312 56.088584 56.090454
4.740000 57.221470 57.212732 57.788780 57.221470 57.223378
4.760000 58.377246 58.368680 58.956363 58.377246 58.379192
4.780000 59.556373 59.547977 60.147531 59.556373 59.558358
4.800000 60.759324 60.751094 61.362758 60.759324 60.761349
4.820000 61.986579 61.978512 62.602530 61.986579 61.988645
4.840000 63.238629 63.230722 63.867345 63.238629 63.240737
4.860000 64.515976 64.508226 65.157708 64.515976 64.518127
4.880000 65.819130 65.811533 66.474134 65.819130 65.821324
4.900000 67.148613 67.141167 67.817151 67.148613 67.150851
4.920000 68.504956 68.497657 69.187296 68.504956 68.507240
4.940000 69.888702 69.881547 70.585117 69.888702 69.891032
4.960000 71.300404 71.293391 72.011172 71.300404 71.302781
4.980000 72.740628 72.733754 73.466033 72.740628 72.743053
5.000000 74.209949 74.203211 74.950282 74.209949 74.212422
5.020000 75.708954 75.702350 76.464511 75.708954 75.711478
5.040000 77.238244 77.231771 78.009328 77.238244 77.240819
5.060000 78.798431 78.792085 79.585349 78.798431 78.801058
5.080000 80.390138 80.383918 81.193205 80.390138 80.392818
5.100000 82.014002 82.007905 82.833540 82.014002 82.016736
5.120000 83.670673 83.664697 84.507009 83.670673 83.673462
5.140000 85.360813 85.354955 86.214282 85.360813 85.363658
5.160000 87.085099 87.079357 87.956042 87.085099 87.088002
5.180000 88.844219 88.838591 89.732986 88.844219 88.847181
5.200000 90.638879 90.633363 91.545824 90.638879 90.641901
5.220000 92.469796 92.464388 93.395282 92.469796 92.472878
5.240000 94.337701 94.332401 95.282098 94.337701 94.340846
5.260000 96.243343 96.238148 97.207030 96.243343 96.246551
5.280000 98.187484 98.182391 99.170845 98.187484 98.190757
5.300000 100.170901 100.165909 101.174329 100.170901 100.174240
5.320000 102.194387 102.189495 103.218285 102.194387 102.197794
5.340000 104.258753 104.253957 105.303530 104.258753 104.262228
5.360000 106.364824 106.360123 107.430897 106.364824 106.368369
5.380000 108.513442 108.508834 109.601238 108.513442 108.517059
5.400000 110.705466 110.700950 111.815422 110.705466 110.709157
5.420000 112.941775 112.937348 114.074332 112.941775 112.945540
5.440000 115.223261 115.218922 116.378874 115.223261 115.227102
5.460000 117.550839 117.546585 118.729970 117.550839 117.554757
5.480000 119.925438 119.921269 121.128558 119.925438 119.929436
5.500000 122.348010 122.343923 123.575600 122.348010 122.352088
5.520000 124.819522 124.815516 126.072074 124.819522 124.823682
5.540000 127.340963 127.337036 128.618978 127.340963 127.345208
5.560000 129.913343 129.909494 131.217331 129.913343 129.917673
5.580000 132.537689 132.533917 133.868173 132.537689 132.542107
5.600000 135.215053 135.211355 136.572565 135.215053 135.219560
5.620000 137.946504 137.942879 139.331587 137.946504 137.951102
5.640000 140.733136 140.729583 142.146343 140.733136 140.737827
5.660000 143.576063 143.572580 145.017960 143.576063 143.580848
5.680000 146.476422 146.473008 147.947586 146.476422 146.481304
5.700000 149.435373 149.432028 150.936393 149.435373 149.440355
5.720000 152.454101 152.450822 153.985577 152.454101 152.459183
5.740000 155.533813 155.530598 157.096357 155.533813 155.538997
5.760000 158.675740 158.672589 160.269978 158.675740 158.681029
5.780000 161.881140 161.878051 163.507708 161.881140 161.886536
5.800000 165.151294 165.148266 166.810844 165.151294 165.156799
5.820000 168.487511 168.484543 170.180707 168.487511 168.493127
5.840000 171.891125 171.888216 173.618644 171.891125 171.896855
5.860000 175.363498 175.360646 177.126031 175.363498 175.369343
5.880000 178.906018 178.903223 180.704270 178.906018 178.911982
5.900000 182.520104 182.517364 184.354794 182.520104 182.526188
5.920000 186.207200 186.204514 188.079062 186.207200 186.213407
5.940000 189.968781 189.966149 191.878565 189.968781 189.975113
5.960000 193.806352 193.803772 195.754821 193.806352 193.812812
5.980000 197.721448 197.718920 199.709382 197.721448 197.728039
6.000000 201.715636 201.713157 203.743829 201.715636 201.722360
6.020000 205.790513 205.788083 207.859776 205.790513 205.797372
6.040000 209.947708 209.945327 212.058870 209.947708 209.954707
6.060000 214.188886 214.186551 216.342791 214.188886 214.196025
6.080000 218.515741 218.513453 220.713251 218.515741 218.523025
6.100000 222.930006 222.927764 225.172000 222.930006 222.937438
6.120000 227.433446 227.431248 229.720821 227.433446 227.441028
6.140000 232.027863 232.025708 234.361533 232.027863 232.035597
6.160000 236.715094 236.712981 239.095992 236.715094 236.722984
6.180000 241.497013 241.494943 243.926094 241.497013 241.505063
6.200000 246.375535 246.373506 248.853769 246.375535 246.383748
6.220000 251.352611 251.350621 253.880988 251.352611 251.360989
6.240000 256.430230 256.428281 259.009764 256.430230 256.438778
6.260000 261.610426 261.608514 264.242147 261.610426 261.619146
6.280000 266.895269 266.893395 269.580230 266.895269 266.904165
6.300000 272.286873 272.285037 275.026149 272.286873 272.295950
6.320000 277.787396 277.785596 280.582082 277.787396 277.796656
6.340000 283.399038 283.397274 286.250252 283.399038 283.408485
6.360000 289.124043 289.122314 292.032926 289.124043 289.133680
6.380000 294.964701 294.963006 297.932416 294.964701 294.974534
6.400000 300.923350 300.921688 303.951084 300.923350 300.933381
6.420000 307.002371 307.000743 310.091336 307.002371 307.012605
6.440000 313.204198 313.202602 316.355629 313.204198 313.214638
6.460000 319.531311 319.529746 322.746468 319.531311 319.541962
6.480000 325.986240 325.984706 329.266410 325.986240 325.997106
6.500000 332.571568 332.570065 335.918063 332.571568 332.582654
6.520000 339.289930 339.288456 342.704088 339.289930 339.301239
6.540000 346.144011 346.142567 349.627199 346.144011 346.155550
6.560000 353.136555 353.135139 356.690165 353.136555 353.148327
6.580000 360.270359 360.268971 363.895813 360.270359 360.282368
6.600000 367.548275 367.546914 371.247023 367.548275 367.560527
6.620000 374.973215 374.971882 378.746738 374.973215 374.985715
6.640000 382.548150 382.546843 386.397956 382.548150 382.560902
6.660000 390.276109 390.274828 394.203738 390.276109 390.289119
6.680000 398.160184 398.158928 402.167207 398.160184 398.173456
6.700000 406.203528 406.202297 410.291549 406.203528 406.217068
6.720000 414.409359 414.408152 418.580012 414.409359 414.423173
6.740000 422.780959 422.779777 427.035913 422.780959 422.795052
6.760000 431.321678 431.320518 435.662634 431.321678 431.336055
6.780000 440.034930 440.033794 444.463626 440.034930 440.049598
6.800000 448.924203 448.923089 453.442409 448.924203 448.939167
6.820000 457.993051 457.991959 462.602576 457.993051 458.008318
6.840000 467.245102 467.244032 471.947789 467.245102 467.260677
6.860000 476.684058 476.683009 481.481788 476.684058 476.699948
6.880000 486.313694 486.312666 491.208386 486.313694 486.329905
6.900000 496.137862 496.136854 501.131474 496.137862 496.154400
6.920000 506.160491 506.159503 511.255022 506.160491 506.177363
6.940000 516.385592 516.384623 521.583078 516.385592 516.402805
6.960000 526.817253 526.816304 532.119774 526.817253 526.834814
6.980000 537.459649 537.458718 542.869325 537.459649 537.477564
7.000000 548.317035 548.316123 553.836032 548.317035 548.335313
7.020000 559.393756 559.392862 565.024280 559.393756 559.412402
7.040000 570.694241 570.693365 576.438545 570.694241 570.713265
7.060000 582.223012 582.222153 588.083393 582.223012 582.242420
7.080000 593.984680 593.983838 599.963483 593.984680 594.004480
7.100000 605.983950 605.983125 612.083566 605.983950 606.004150
7.120000 618.225621 618.224812 624.448490 618.225621 618.246229
7.140000 630.714591 630.713798 637.063203 630.714591 630.735615
7.160000 643.455855 643.455078 649.932749 643.455855 643.477304
7.180000 656.454510 656.453748 663.062277 656.454510 656.476392
7.200000 669.715755 669.715009 676.457038 669.715755 669.738080
7.220000 683.244896 683.244164 690.122392 683.244896 683.267671
7.240000 697.047344 697.046627 704.063803 697.047344 697.070579
7.260000 711.128620 711.127917 718.286850 711.128620 711.152325
7.280000 725.494357 725.493668 732.797221 725.494357 725.518541
7.300000 740.150302 740.149626 747.600720 740.150302 740.174974
7.320000 755.102316 755.101654 762.703270 755.102316 755.127486
7.340000 770.356381 770.355732 778.110911 770.356381 770.382060
7.360000 785.918600 785.917963 793.829807 785.918600 785.944797
7.380000 801.795196 801.794572 809.866245 801.795196 801.821923
7.400000 817.992521 817.991909 826.226641 817.992521 818.019787
7.420000 834.517053 834.516454 842.917539 834.517053 834.544871
7.440000 851.375404 851.374817 859.945614 851.375404 851.403784
7.460000 868.574317 868.573741 877.317680 868.574317 868.603269
7.480000 886.120670 886.120106 895.040684 886.120670 886.150208
7.500000 904.021484 904.020931 913.121716 904.021484 904.051618
7.520000 922.283918 922.283376 931.568009 922.283918 922.314661
7.540000 940.915278 940.914747 950.386942 940.915278 940.946643
7.560000 959.923017 959.922496 969.586043 959.923017 959.955015
7.580000 979.314738 979.314227 989.172990 979.314738 979.347382
7.600000 999.098198 999.097697 1009.155620 999.098198 999.131501
7.620000 1019.281310 1019.280820 1029.541926 1019.281310 1019.315287
7.640000 1039.872149 1039.871668 1050.340062 1039.872149 1039.906812
7.660000 1060.878950 1060.878479 1071.558348 1060.878950 1060.914313
7.680000 1082.310117 1082.309655 1093.205272 1082.310117 1082.346194
7.700000 1104.174222 1104.173770 1115.289493 1104.174222 1104.211029
7.720000 1126.480012 1126.479568 1137.819844 1126.480012 1126.517562
7.740000 1149.236409 1149.235974 1160.805338 1149.236409 1149.274717
7.760000 1172.452516 1172.452089 1184.255170 1172.452516 1172.491598
7.780000 1196.137619 1196.137201 1208.178720 1196.137619 1196.177491
7.800000 1220.301194 1220.300784 1232.585558 1220.301194 1220.341871
7.820000 1244.952905 1244.952503 1257.485446 1244.952905 1244.994404
7.840000 1270.102614 1270.102220 1282.888345 1270.102614 1270.144951
7.860000 1295.760381 1295.759995 1308.804416 1295.760381 1295.803573
7.880000 1321.936469 1321.936091 1335.244027 1321.936469 1321.980534
7.900000 1348.641350 1348.640979 1362.217753 1348.641350 1348.686305
7.920000 1375.885705 1375.885341 1389.736384 1375.885705 1375.931568
7.940000 1403.680432 1403.680076 1417.810929 1403.680432 1403.727222
7.960000 1432.036651 1432.036302 1446.452617 1432.036651 1432.084386
7.980000 1460.965703 1460.965361 1475.672905 1460.965703 1461.014403
8.000000 1490.479161 1490.478826 1505.483481 1490.479161 1490.528845
8.020000 1520.588831 1520.588502 1535.896272 1520.588831 1520.639518
8.040000 1551.306756 1551.306434 1566.923441 1551.306756 1551.358467
8.060000 1582.645225 1582.644909 1598.577401 1582.645225 1582.697981
8.080000 1614.616773 1614.616463 1630.870813 1614.616773 1614.670594
8.100000 1647.234189 1647.233886 1663.816595 1647.234189 1647.289098
8.120000 1680.510521 1680.510224 1697.427925 1680.510521 1680.566539
8.140000 1714.459080 1714.458788 1731.718250 1714.459080 1714.516229
8.160000 1749.093445 1749.093159 1766.701285 1749.093445 1749.151749
8.180000 1784.427471 1784.427190 1802.391024 1784.427471 1784.486952
8.200000 1820.475291 1820.475016 1838.801744 1820.475291 1820.535974
8.220000 1857.251326 1857.251057 1875.948008 1857.251326 1857.313235
8.240000 1894.770286 1894.770022 1913.844677 1894.770286 1894.833446
8.260000 1933.047180 1933.046921 1952.506909 1933.047180 1933.111615
8.280000 1972.097318 1972.097064 1991.950171 1972.097318 1972.163055
8.300000 2011.936321 2011.936073 2032.190238 2011.936321 2012.003387
8.320000 2052.580126 2052.579882 2073.243209 2052.580126 2052.648546
8.340000 2094.044990 2094.044751 2115.125505 2094.044990 2094.114793
8.360000 2136.347500 2136.347266 2157.853879 2136.347500 2136.418713
8.380000 2179.504578 2179.504348 2201.445424 2179.504578 2179.577229
8.400000 2223.533486 2223.533261 2245.917576 2223.533486 2223.607605
8.420000 2268.451838 2268.451617 2291.288125 2268.451838 2268.527454
8.440000 2314.277600 2314.277384 2337.575220 2314.277600 2314.354744
8.460000 2361.029105 2361.028893 2384.797376 2361.029105 2361.107807
8.480000 2408.725052 2408.724845 2432.973483 2408.725052 2408.805344
8.500000 2457.384522 2457.384318 2482.122812 2457.384522 2457.466436
8.520000 2507.026978 2507.026779 2532.265023 2507.026978 2507.110547
8.540000 2557.672279 2557.672083 2583.420173 2557.672279 2557.757535
8.560000 2609.340682 2609.340490 2635.608727 2609.340682 2609.427661
8.580000 2662.052857 2662.052669 2688.851558 2662.052857 2662.141593
8.600000 2715.829888 2715.829704 2743.169967 2715.829888 2715.920417
8.620000 2770.693287 2770.693107 2798.585680 2770.693287 2770.785645
8.640000 2826.665001 2826.664824 2855.120864 2826.665001 2826.759224
8.660000 2883.767418 2883.767245 2912.798135 2883.767418 2883.863545
8.680000 2942.023381 2942.023211 2971.640564 2942.023381 2942.121449
8.700000 3001.456192 3001.456025 3031.671689 3001.456192 3001.556242
8.720000 3062.089626 3062.089462 3092.915523 3062.089626 3062.191697
8.740000 3123.947936 3123.947776 3155.396564 3123.947936 3124.052069
8.760000 3187.055867 3187.055711 3219.139806 3187.055867 3187.162104
8.780000 3251.438664 3251.438510 3284.170747 3251.438664 3251.547046
8.800000 3317.122079 3317.121928 3350.515400 3317.122079 3317.232651
8.820000 3384.132387 3384.132239 3418.200304 3384.132387 3384.245192
8.840000 3452.496393 3452.496248 3487.252534 3452.496393 3452.611477
8.860000 3522.241443 3522.241301 3557.699711 3522.241443 3522.358853
8.880000 3593.395437 3593.395298 3629.570015 3593.395437 3593.515219
8.900000 3665.986838 3665.986701 3702.892196 3665.986838 3666.109039
8.920000 3740.044682 3740.044548 3777.695583 3740.044682 3740.169352
8.940000 3815.598593 3815.598462 3854.010098 3815.598593 3815.725782
8.960000 3892.678795 3892.678667 3931.866269 3892.678795 3892.808553
8.980000 3971.316121 3971.315995 4011.295239 3971.316121 3971.448500
9.000000 4051.542025 4051.541902 4092.328781 4051.542025 4051.677079
9.020000 4133.388601 4133.388480 4174.999309 4133.388601 4133.526383
9.040000 4216.888587 4216.888469 4259.339892 4216.888587 4217.029152
9.060000 4302.075385 4302.075269 4345.384268 4302.075385 4302.218790
9.080000 4388.983070 4388.982957 4433.166855 4388.983070 4389.129372
9.100000 4477.646408 4477.646296 4522.722768 4477.646408 4477.795664
9.120000 4568.100863 4568.100753 4614.087831 4568.100863 4568.253135
9.140000 4660.382620 4660.382512 4707.298590 4660.382620 4660.537968
9.160000 4754.528591 4754.528486 4802.392332 4754.528591 4754.687078
9.180000 4850.576438 4850.576335 4899.407094 4850.576438 4850.738126
9.200000 4948.564580 4948.564479 4998.381685 4948.564580 4948.729534
9.220000 5048.532214 5048.532115 5099.355695 5048.532214 5048.700500
9.240000 5150.519327 5150.519230 5202.369515 5150.519327 5150.691014
9.260000 5254.566718 5254.566623 5307.464353 5254.566718 5254.741872
9.280000 5360.716005 5360.715912 5414.682247 5360.716005 5360.894698
9.300000 5469.009650 5469.009558 5524.066086 5469.009650 5469.191953
9.320000 5579.490972 5579.490882 5635.659625 5579.490972 5579.676957
9.340000 5692.204164 5692.204076 5749.507503 5692.204164 5692.393907
9.360000 5807.194314 5807.194228 5865.655261 5807.194314 5807.387890
9.380000 5924.507419 5924.507335 5984.149359 5924.507419 5924.704906
9.400000 6044.190406 6044.190324 6105.037197 6044.190406 6044.391882
9.420000 6166.291150 6166.291069 6228.367131 6166.291150 6166.496696
9.440000 6290.858493 6290.858414 6354.188494 6290.858493 6291.068191
9.460000 6417.942263 6417.942185 6482.551618 6417.942263 6418.156197
9.480000 6547.593295 6547.593219 6613.507849 6547.593295 6547.811551
9.500000 6679.863452 6679.863377 6747.109572 6679.863452 6680.086117
9.520000 6814.805644 6814.805570 6883.410228 6814.805644 6815.032807
9.540000 6952.473848 6952.473776 7022.464340 6952.473848 6952.705600
9.560000 7092.923135 7092.923065 7164.327531 7092.923135 7093.159569
9.580000 7236.209686 7236.209617 7309.056549 7236.209686 7236.450896
9.600000 7382.390817 7382.390749 7456.709287 7382.390817 7382.636900
9.620000 7531.525002 7531.524936 7607.344808 7531.525002 7531.776057
9.640000 7683.671899 7683.671833 7761.023369 7683.671899 7683.928024
9.660000 7838.892366 7838.892302 7917.806442 7838.892366 7839.153666
9.680000 7997.248495 7997.248432 8077.756744 7997.248495 7997.515073
9.700000 8158.803630 8158.803568 8240.938255 8158.803630 8159.075593
9.720000 8323.622395 8323.622335 8407.416252 8323.622395 8323.899853
9.740000 8491.770720 8491.770661 8577.257328 8491.770720 8492.053783
9.760000 8663.315866 8663.315809 8750.529421 8663.315866 8663.604647
9.780000 8838.326455 8838.326398 8927.301842 8838.326455 8838.621070
9.800000 9016.872492 9016.872436 9107.645304 9016.872492 9017.173058
9.820000 9199.025398 9199.025343 9291.631944 9199.025398 9199.332036
9.840000 9384.858037 9384.857983 9479.335362 9384.858037 9385.170869
9.860000 9574.444744 9574.444692 9670.830640 9574.444744 9574.763896
9.880000 9767.861357 9767.861305 9866.194379 9767.861357 9768.186956
9.900000 9965.185244 9965.185194 10065.504727 9965.185244 9965.517421
9.920000 10166.495339 10166.495290 10268.841412 10166.495339 10166.834226
9.940000 10371.872167 10371.872119 10476.285770 10371.872167 10372.217901
9.960000 10581.397882 10581.397835 10687.920782 10581.397882 10581.750600
9.980000 10795.156298 10795.156252 10903.831105 10795.156298 10795.516141
10.000000 11013.232920 11013.232875 11124.103105 11013.232920 11013.600033
